110010001111000110010011100110001110010011011010
110111110100001001100110110000010011110111011101
101010101101101100000101011100111000110111101101
000111010011001101101011001111010011010111011011
101000110101010011011001010000011110001001101110
010111010100001111100100100000011100011101110101
100100101101100110010001011011111001001010110101
000111010010001101110101011101101000111011101111
001010111010111110001110001110000111110111101011
010011000011010010000101111110001011101011110010
011100101000110001111101011011101101010010011011
110011001110100000101000110010000000101001101110
001000111010111101011101010110110101011001110110
011011000011110001011100011011111010001001011010
011101001111101111011101110001010101101101110101
100100001101100011110110011101111010100001110101
