88789398698840352331803439295047405181805794159499471826760545967484541047813592904067518858093002718494279948421448957246734527644249773428470006218709216243923546351124056523863806465911803252654618463490945026984783913840779459521343309526740292228785126183748079570539704339337655291435830914583695814329
85212390695199025907179910355166441228475902451832970898448700265113644087886344828367833073178291675353722147224669309198774974815886797908936549405353878402908046381199592496932005144324806960361909862094585024070168585676955568147414420032857721534838131552589850291274384844027886802820523031951139368242
88152784463517400068548283564113740893920693576684429699846849022851269480677831158782851808602988843750393585390570014529102825456969370311236621717354773763452732593044161631427377297003500680254914127341723923918924832960441877252280655094876160988437775392992083986574547244257421681621120880868236606576
111994162118154849236209706219442377674586243153256770561155303772072854420252652847704240651262220012871126037165988308102314449573517498244479630817739600041395246162370781723301741352629063274343735451163495022232542728692290024367929731587541960634604065325424531676314523977359762943388025778266649906324
15697938773195492435369108871867736171541643320800766474558156023491733246697917463579430841037430509901018447288957506603060459144029060143614905587705721396893076558100333955594527998382766148063476365150987391829209124208451270584752236173864812523666928084284714996716702954732632508461906902547277086257
60833336231432135692343201603709300562320071180785730180310759577836761807376988585850762653857421913903895068944672174171517726461401042464660180892462993780866199208443395024750239456326658146427169253061887643604182145459183379672340858650190605593268285720756070452088700411975292958444748067701589366279
6476557751927279108431822539072550540767259238383067471109731447196496513016297010078580047814548263968598472113962863358109011029820598623837043650589519771036476716004394827426148197698353038114844695750504901130596661038012246398313980852558639161693585272129009385159965346312097182080718821200644883211
24258242265528986382813437429156043093193389392545419083993570696403253497953305022021479163689686637411720277541008345097552755063375693599723835707967151174985398821550852438750477670942437233704400293333060451886599705943002970653113346152674807334401135760671934800591483223134005295606338242208474410122
69938632044830252858034882847290683074506759323872745127664106748646739130564279360954696735473049119938866524774627087553458134270602059925401075814692751445695601352696605474956485967647480985490024788685818335192614362125483005148280773249545265660416911943797171021404201833031664415100436689353315208218
100224936713329195176165248782043072245347011369588758970247053074038261054564847914188389945919840497421757936620066908867262096173070253160604382495356893534109404877311084628704267453506701837928374609212584992672502674640659394032055440568349557942742198023948525797638957187194297346827331984399054318462
25100253377740774758953351405940311222021631437057977714581606179172287831697941908395579090702364220546379870315697277359391428739447944554286763606305065906088240204584811961634605572542569818062162781830048087452087646596784454066998976331705512065393181323051567746951066091996475442663079309404272991725
12405322159481631906331358290266962875127967195720690191380973940342750645789139480403589635189106010868466991583137133734081651763957747442868953024410426018258845407814461843249122667002094205638022513925153642697953243693230360566112063867435588895697259579983484292354401804547037866881412632049670045942
93423599577937047840618558298251175223965847887515625977646532356008236174978704430451906584791701781992382342418905078454402681563066561541954058512185305286935022226469767636664474475551867064419845778232719310388417846197358224624973331384838878064693819628707414048384959218804418294041762440846404825570
60872149348905856203396525741215502385504108828519077530742209162551071860253120162516101117775607541063621061721307881166448694792964890786714934474754118129034267832380080543583746199637150364698592190941020154369943772023140152424430886382450078168325147709985032618467829953383764786089492835442567952918
45679652383418328172117122861706268861436278539159570279781224184302384739206993440079213843104674531221804021322245469166539316287400142107001246517195111933358518719368186083454596577811191437824934568909755934292569274348095428713313061578650837292265688235234025514065634487672147974690992260389637462953
43842288525197768728301096479185716879977847143619017327456020875020079963157099950222310844370019168133567943900049510767703106653432407308764505795253592197486464410587851576056726283395442032774462573532016709726762820401572147628679970596672755210623333609377062353046454190646813337846296704232134848589
